13524	37955	32378	53081	71478	87217	87895	65405	2513	91413	30248	81626	16084	33460	49396	78227	45339	89028	29159	83594	74657	26675	16085	86147	41797	73170	63879	47032	66848	80227	34637	38764	18282	38651	54559	60973	58251	72153	99536	98080	16246	48835	60790	47035	54422	91162	12065	52198	69043	67493	98684	47054	16043	96754	29809	22417	59841	99945	42578	89833	75326	81475	9885	7943	77527	83644	88143	18266	94773	12194	9350	29149	6034	79837	31256	53169	90430	77164	4364	26692	21824	71839	44150	39367	20226	45686	94967	60154	35035	11272	34314	1546	48106	58962	2987	31678	19458	33576	97565	2430
44539	79004	55744	13223	35341	86220	39815	84660	5242	26163	74286	36921	99907	3898	42323	89260	60388	18228	95435	61039	89308	74663	1998	1271	76417	38310	77812	99871	91736	86016	37892	4468	34690	37776	43578	39576	64672	34967	1977	90097	80818	11007	27042	58851	16733	76298	72271	99200	12455	25221	42532	20101	25372	62609	85556	36192	48845	22023	83401	15775	41771	5903	32436	32001	51921	2150	96865	35598	96462	51343	3158	31604	44752	33716	47134	12260	43091	88244	98494	53919	69138	4680	83000	81358	97455	1053	19158	12073	61046	27552	10914	90612	91930	80116	20271	35149	21742	78210	3781	98304
81420	19626	60698	19546	74805	7345	52831	81171	5430	28128	99815	4108	77139	65602	61685	13498	53978	69656	31618	95979	93634	81906	69495	53977	99537	54681	18088	12177	25583	89831	82614	62686	70981	99124	86	23465	88959	15349	36352	52677	85773	80974	33136	87805	88019	25184	85768	67488	97746	38028	87554	35951	92901	87595	61771	54953	28543	47873	98790	28714	50677	60937	124	23948	3682	6478	24851	77571	71805	44627	28253	61515	86747	26837	4683	84522	22611	29841	80050	3621	89760	80009	76371	78891	53009	24398	60396	92265	66659	43100	46651	63691	99217	48898	12806	31152	53987	56268	57664	77857
2904	26469	74609	41760	35003	30074	71290	28667	42136	55039	86131	31736	57874	82217	37086	45800	88081	8302	19134	16480	75266	63393	71127	88598	10607	20003	44383	86618	82239	90532	53837	60087	58266	21044	7272	49967	31199	69485	7137	63073	24045	19570	43673	47924	80262	68140	19431	60142	35686	29408	53785	51943	38659	96845	79803	99696	64107	63251	82264	78142	71534	61188	8421	5722	95231	97125	71728	17595	42404	28845	90503	81361	56908	16812	50277	12437	22995	17658	33008	83378	27322	30404	65165	1689	82310	67417	45490	2688	15862	48911	84920	26960	94771	94749	62350	83247	74310	75805	87564	40794
23178	18500	45817	63869	77834	66100	85932	83264	66615	13226	38252	19695	1613	80150	4056	52949	81200	67118	97323	53457	59026	91787	47879	92332	12862	93095	93978	68467	86693	99006	11784	21671	10030	71492	64282	11883	36635	87845	12067	5733	84775	76877	3895	77086	6055	61104	9019	41740	88688	24218	25286	93301	57801	23794	36337	49046	53633	67065	74781	86456	92770	29609	11387	85265	7883	260	59118	23560	57544	28987	45034	18095	30349	31443	57490	50238	40046	64254	9202	88006	91638	5111	83991	89239	53095	57362	59515	61067	55366	62505	82758	80249	9933	30230	9909	38808	42741	93321	75479	9364
90988	75254	19269	52713	18899	27778	8643	91277	99689	98776	22186	28278	57977	28153	97291	7429	70178	95898	43996	13327	18885	60738	47342	27602	83439	82026	41250	57290	76603	91311	12737	4496	26143	81899	79638	74677	94935	57352	51601	81148	31293	75852	8180	86142	53568	66934	62301	19490	31762	15516	55092	76409	31625	53213	80017	57146	48627	84387	7333	60104	52246	11509	38720	22354	24102	41325	75225	40252	80810	99707	51329	74932	90472	75337	47400	22658	58508	13121	67754	12812	22912	51018	89761	37040	38924	37582	37509	60212	92485	59271	17901	62011	20836	98485	79154	30586	54946	49208	77633	61193
67190	4274	48439	37841	88765	82182	68160	79237	3218	38408	87836	51231	31840	59939	2969	27961	39245	63896	31300	5569	7788	5301	5691	31517	81558	82464	33790	79442	75677	61094	99898	97354	23239	55982	48864	53213	30782	55163	83730	10274	99287	95482	53344	9643	91348	22706	46557	33913	80532	34492	88247	61693	41650	45370	97119	77765	93052	57043	18428	28625	46854	9280	51128	51934	58136	6701	17745	70453	78702	9908	13948	58966	24119	35581	27934	57659	88220	2906	7917	37219	23279	10357	22471	82463	44726	10583	50714	33677	41074	67781	11529	43348	29991	1607	238	16134	41113	85429	28055	83081
43433	4152	27330	48056	60863	71677	89024	47489	2777	25132	76037	93164	34405	9660	49323	18390	18342	39830	72079	44723	36796	90248	38828	34788	25656	47306	12671	65469	86076	86468	76450	9485	63890	98396	67691	14602	68728	88518	2245	66646	43710	37559	4888	51412	53043	52203	69494	30061	42086	42042	18252	48211	18934	4355	31546	61132	67887	97282	76557	17796	75756	87788	47284	78763	53852	26124	32078	29117	44531	66850	51287	92014	54631	64489	17057	13651	90254	6141	13452	11803	22023	97821	97877	33837	25341	64554	44314	86288	53648	72913	33105	65108	15894	56512	43047	88814	26659	52775	35561	3324
61863	59120	40763	69698	91132	60086	76010	49012	26710	69182	9091	30221	93943	53485	54594	87292	3793	82606	49475	15498	16641	24502	10561	27287	70626	58733	25713	77738	60561	91216	92497	33744	87421	5449	42638	66792	28140	74076	22578	38192	24975	32643	72757	2716	29541	52357	83241	40277	262	64977	26991	99109	56081	92300	58418	8065	60785	53083	84837	44903	67398	41415	62074	97667	5029	91855	95865	55065	37299	61306	22771	30925	96689	9708	86519	71162	41975	46121	79068	47562	96614	3213	94074	25200	74305	40786	87738	2282	76642	55476	9525	29158	78028	77229	40119	30873	48584	92384	71461	82432
57386	81627	73660	34005	10087	72988	69773	12224	98595	14985	33631	21139	42029	82595	41077	64014	74011	33327	93357	50719	81066	5633	96052	43223	43412	81111	13794	43620	74460	22330	65143	90451	50108	60686	81439	11423	81089	78990	72323	60995	90180	64989	50590	86136	46264	86752	15258	19942	38328	21972	89781	48194	41370	22769	38633	91475	14434	67309	36501	69240	12866	16844	92190	35351	32960	4577	29286	61648	72222	51891	20923	84295	85328	58203	15492	33002	72551	85092	26771	35696	92646	99613	2738	15466	64813	47820	12425	41983	23239	75362	92326	25640	73022	14061	62320	31406	54515	81074	69944	59931
67971	32546	54753	75619	94173	83463	23995	26334	46707	2382	6210	69599	2105	45628	57294	88991	21438	82617	13822	8252	17885	57582	73245	88991	86911	62847	74271	22213	89784	46167	25916	99411	68959	46949	7110	85371	54624	39651	81144	54233	83944	21416	82928	47743	22193	21745	85790	75244	62924	92335	87179	60437	79939	91287	31792	85473	88790	4925	66468	97581	93699	58026	99395	26751	77790	14350	27143	21994	35706	82303	54853	6882	48300	5151	32167	21007	59386	60098	97599	91515	60417	13582	97325	87819	69375	61293	6046	17338	81482	18327	95216	36974	7652	28675	65483	59044	68152	36457	6465	10773
80470	34326	10835	79015	17632	66721	82326	86128	64470	28635	22515	3966	8794	86173	39178	94772	53678	80412	59029	32960	6684	54762	79740	88725	72799	56344	38700	53700	947	18195	34041	51966	14508	60814	91623	95760	34726	58854	13669	59381	12582	61330	94412	10080	96652	51878	61164	7649	33677	47419	26931	5408	13914	61073	5312	7078	81188	68532	29746	13626	12171	27284	92171	84755	56584	3823	22016	34043	46582	48485	27649	13339	69187	55866	91237	67565	4590	42254	3257	49426	13273	46682	4302	84263	56807	99649	2741	31574	33784	59079	53879	94937	22070	14392	1713	94496	14274	49915	11568	7736
89530	85236	79471	71227	51100	30963	63330	58485	42092	96328	82058	50793	73217	84727	12014	2759	94252	64480	41445	13555	54990	92168	38253	58934	58756	77068	66800	21559	98939	90324	35668	76467	20819	75628	69950	75118	83138	11421	98855	48013	61858	42186	80231	54541	36532	80093	41847	61012	58942	97724	32126	15773	98668	14409	1513	83833	36802	2379	56178	37676	56270	59622	97710	98632	45700	33660	85429	21322	30327	42055	75965	67709	89425	92434	92173	4406	66633	53957	23710	31152	98590	15497	83004	84076	79836	2302	18598	6612	88509	60549	63866	88847	34411	97999	47292	44914	75971	39200	2337	96818
63603	84179	13007	10751	76494	44167	8958	55967	27180	34044	81028	41295	26827	97877	18299	47910	16201	10640	71887	83455	67137	66366	66654	57758	37896	93071	89875	36460	20645	62544	88972	4680	64918	37086	15831	43975	59753	86573	55538	56744	68039	13838	4484	28763	396	3133	29890	30742	26271	66013	81558	44175	58264	19700	42268	91248	64922	96869	52586	86417	83718	89628	13116	54583	32002	56420	80815	55466	23236	43207	58408	67102	8363	42786	66982	66488	82451	66699	9572	36872	54341	38900	58768	78069	79066	84723	36710	78569	51052	30735	63475	61254	92329	86859	43197	58720	84235	88668	72287	82463
37873	85223	687	39352	91166	95108	35946	245	95297	3274	78685	16626	74719	43821	67239	39573	8452	12582	8473	11927	63308	3785	21209	20022	92791	21506	94800	3396	91943	67460	65781	61377	53058	16683	49033	11630	73178	20571	76120	13362	19478	61925	48505	4732	3858	35604	17217	56861	18152	1519	75817	77326	4158	16119	19451	81520	73687	16876	40388	44386	96586	27776	50444	62840	96268	64477	74921	40658	8703	12003	14656	34674	83070	57718	94014	51479	89596	6852	39638	12263	81399	22898	36162	76480	97172	60286	99625	56775	51881	60614	49004	77922	8955	11252	62699	45422	9471	77443	60404	23720
52011	55518	55929	89989	2111	89471	76367	23089	10173	47505	77034	85397	80930	66476	1158	21988	71758	33847	73474	75552	74289	35055	55033	61741	67310	62600	79852	99150	22253	72771	3678	62602	75243	62419	9037	93346	99552	41136	51122	90266	85293	14740	55430	43734	72375	28261	8071	21595	90913	18525	29244	85072	81133	79317	52800	47718	71213	68761	71576	44213	76282	7748	71315	67926	74561	42517	63144	13481	8825	48480	83005	22795	5354	4376	37809	15190	51759	3854	11759	92884	51489	40362	64123	94836	30445	95280	89060	7674	83618	89455	93849	67325	29161	25041	25661	25909	73230	90089	28993	98279
82987	51814	16025	30872	71543	57307	82062	32506	89402	66052	40803	28939	47581	80728	54070	7598	49472	46892	82786	4115	10442	8081	38512	32837	79432	82547	25923	7618	13697	72317	5222	84038	62157	17035	21810	52278	28682	39397	99685	87001	55980	79376	11048	56260	46378	44753	33583	53704	85656	85669	22252	48877	91548	21547	65171	31589	92489	1876	34204	13358	4038	5197	8209	18520	42200	11785	41167	21416	8477	59694	82917	43789	67981	33607	97147	16331	57052	15346	54014	49515	81440	29020	37128	6484	74515	15536	61899	54983	42564	75649	41309	95715	22630	94102	57224	69689	48937	70572	93290	95439
53566	41896	6884	76507	4145	39935	8807	471	93296	19891	84548	73485	74767	49434	77511	42186	37782	35758	75053	55149	3500	67328	26756	83020	22453	51804	67373	61486	58483	65197	11623	96618	84340	97154	88414	43230	88048	44029	45798	21411	63129	76654	79580	63725	46668	48603	85860	77537	30358	51539	36918	28496	38238	14309	95633	14212	18799	31623	90977	94647	61186	64839	41450	78321	93554	52971	38530	39334	77741	13114	79344	46346	28969	53504	5000	89614	62783	95546	2312	13576	56414	13214	40162	37654	29497	89027	56304	50742	20196	83819	93057	28596	94161	45024	71561	15867	36176	47202	68539	28446
66752	70417	65673	98748	27833	89632	72098	21263	22714	47625	9204	53262	57737	45246	27899	63571	62207	73334	30702	93049	89092	67907	41653	3912	37816	9266	6164	27929	98095	44579	79097	48465	76176	47537	7812	69980	6191	19513	5941	72920	39324	56668	4177	46835	52664	3530	68153	11932	92359	4558	80784	43625	19038	21391	85663	67666	21848	47405	35484	13787	56901	34291	22886	63889	8142	98363	92499	45242	31137	69080	13976	49135	36322	16890	48530	93998	50235	12288	88215	90117	90872	84016	34171	310	20200	7509	86151	33950	74091	89558	5271	67520	55331	81651	43531	35246	42043	57696	23723	20306
21790	41587	1085	56576	59631	67442	3386	95701	72209	99437	88523	14140	51361	51595	32684	64876	12231	2674	19552	3219	15213	45537	60836	6498	68911	33469	2302	89845	58714	70225	67568	89704	214	73190	65823	95928	64641	69179	20797	88853	75968	87180	35144	8887	29154	34734	31657	32200	14234	54689	11733	82170	81108	28819	7401	23957	45143	12780	40824	85625	72894	29340	53433	69488	47008	19828	14421	63716	1976	97668	29287	85271	26331	92872	1821	66214	12008	20928	10795	70043	10912	88059	98139	5060	47347	68368	33622	33149	92882	43117	61615	83480	94936	62184	21298	58193	48542	7076	52550	14871
55229	46405	20446	57388	49444	52039	45218	52381	89428	53508	960	43728	17973	10842	69798	45902	86076	27115	84540	58266	76378	21191	79809	35365	66670	4332	67096	69156	40674	37317	76247	50100	56544	36194	332	79675	11919	83958	93738	76176	95851	33395	65143	71580	70401	5507	94942	62699	38530	56881	64015	91175	23444	94493	9147	31033	99157	19562	53071	64125	60502	48136	39831	26079	16911	61557	54331	11681	90602	38795	78792	70879	46271	43169	92896	89442	24781	67800	88562	58266	12788	15131	65892	7020	17104	30980	38276	64438	34700	41950	43040	76648	14913	87959	27933	73773	64189	39176	70539	32167
11454	38857	12409	10294	40564	8338	78207	33830	6807	4079	19612	60631	75779	32722	81613	76342	19740	80952	15852	12083	80582	47306	69064	75877	12965	10596	30128	11076	38328	78646	30068	40807	58427	32545	768	13294	7903	56786	72019	39700	90458	14510	22644	98077	88896	88172	63485	12089	73217	77511	93536	73230	43601	49439	74707	51157	68609	22182	12675	49751	77945	96467	8536	59609	75734	83813	86238	42326	17444	65898	45078	72020	84405	28023	86892	76744	20994	73372	84071	44739	95433	34746	20576	63299	81858	15618	4965	54615	57102	90365	13972	84715	73940	71986	53299	9331	40683	98426	20018	81671
30518	24295	38638	31177	88809	60307	88264	18600	76006	9650	36142	54777	1397	64100	6712	19001	68344	7329	39000	42325	17918	75455	71455	18246	38398	49812	46349	18007	76665	69456	37015	31601	56480	98468	97769	27061	78152	18008	24699	74405	89244	62358	66183	66397	40528	91554	1115	11035	28567	34291	50321	64023	74544	82565	64270	36680	36835	84681	38635	98162	38591	26097	58931	94643	40592	33215	71994	63887	12757	58565	78255	13115	72456	62513	94119	65219	43953	47350	27172	69926	37760	54435	6569	64327	23931	61401	49068	85995	3814	1199	78829	2333	52351	88531	555	95526	12064	86073	56858	6909
94705	50138	82643	59967	80224	12053	4783	69195	39302	92528	68340	74905	25686	64344	76020	7837	12464	16793	23543	31577	99453	2393	11796	95961	49946	93915	98790	29321	60557	81410	23359	1223	61541	60461	94516	44103	57570	81348	73700	36222	84984	35376	68010	82631	44292	69891	21816	80830	57685	81028	66046	55864	82817	3701	30488	32136	31759	86162	20748	92526	88408	52648	20004	13296	93487	36225	88475	72345	44336	51594	90099	29701	29310	37393	30808	61529	93221	29172	48130	68280	6402	75923	88193	36591	59709	50993	99134	24408	79301	77906	84729	99797	11425	61331	58589	63535	38947	5028	46248	58840
30213	54565	69122	79431	317	30879	11343	92188	42011	41274	30410	63382	40568	53286	69657	95096	48741	67610	79736	75918	20233	83810	63243	51669	28353	26793	95124	14946	93958	77490	2898	84188	73127	84411	96871	66276	27063	86919	58331	29839	31896	56230	41249	59487	724	9974	20897	14352	73816	10556	36531	6799	16145	32421	76217	55210	73378	98954	31226	79906	35413	52919	33976	60309	92366	72830	55874	25634	57982	39910	56049	30834	99603	67967	13589	56086	42877	78816	56418	7270	13365	41835	40215	24806	92752	85184	70352	27777	5783	14306	1053	77458	83010	4249	12909	26739	43646	92366	38271	46849
83357	68004	95818	95381	34768	31	17145	31576	27509	91363	67826	75523	56348	58849	17633	57487	36040	7499	23521	39297	32387	7788	45388	1286	5790	35750	33344	28567	56894	2426	72218	60016	45215	28699	57260	97117	56537	11122	76177	27091	12266	40376	43792	75450	92325	10096	17115	8125	59014	46444	77461	73517	77186	56574	48337	93232	4216	35079	52967	75346	51859	20793	40213	46697	66980	33382	11898	10345	46971	72942	6942	24204	82898	78266	64317	96883	15540	77907	77350	22044	15255	49147	31778	80616	14388	49597	71309	84580	60396	51303	55623	42255	41326	36592	16714	69415	23950	42084	96683	35652
67671	56610	82229	86226	25445	40954	19359	69211	89903	70319	2633	14853	85823	31097	80376	13974	50077	24791	70342	99329	88525	53111	22158	30080	61404	14900	44362	498	44482	29529	12464	56001	64264	40111	52025	3237	44374	22595	78249	97467	77602	8443	42179	20177	87490	33712	30575	2166	60373	65592	44677	52565	46408	14698	8033	81211	91009	49346	70748	72896	47931	56704	95736	52791	8171	12882	92266	82308	64612	18369	91788	78631	44304	21672	3471	66389	15369	83372	13038	13903	56023	99762	35842	24841	79900	41885	51272	97995	46450	3717	61602	65316	80718	65595	86792	35325	96217	51874	31612	19423
17509	43491	64006	65112	92515	61325	28123	11728	44582	97013	20979	86263	34140	59828	51233	25316	92285	22025	51270	24738	33990	43146	8216	78050	92070	64629	67855	93733	23603	82610	12506	47423	10612	57169	2281	79859	83842	32728	99790	50777	14881	52165	28180	21289	73230	40263	27291	32133	44781	47333	74409	87434	15678	82947	39362	15693	43673	90321	34690	51364	8049	93657	35518	93431	76446	8127	47417	78334	16247	53226	22154	45066	30585	84081	95762	14098	57458	8050	83086	34697	62047	93462	78856	13998	99339	2358	77079	13399	12093	65432	45477	62070	28484	74298	26751	28534	87175	31813	42286	54954
88051	1370	65471	95740	89316	68981	99369	98290	90223	47322	54532	61930	28280	55095	12219	57022	63821	73435	33748	59321	85763	59122	70004	14777	59916	98869	83750	11904	16342	62200	18123	52440	42415	26647	94713	46285	5230	33371	71617	86769	78783	34947	86028	34701	41076	52052	30470	21295	41848	44422	82286	53577	38159	12333	51703	63461	36208	86324	3580	61846	58678	87399	28546	45239	66931	99452	47781	77339	72337	54885	35743	48699	44261	29241	44490	84434	72854	44362	29722	89928	35492	68191	86409	50219	20334	84128	9766	46351	25382	82699	23457	84430	36894	5615	22555	34435	68846	65813	60628	31966
29460	25795	86759	67968	32276	83609	24836	83589	44299	58266	13753	53869	54393	56031	59190	95810	99415	16114	39435	32753	56508	21312	88365	10072	69775	34965	61341	93459	68417	51451	16754	66797	46799	2323	64654	4821	56290	15082	59787	37297	91717	40453	97701	11320	67061	84084	83915	91382	34577	6241	76178	58113	4484	9601	4489	45291	95328	72657	34584	59363	76667	86268	34296	49774	64049	85016	58627	55376	95230	14462	98213	21993	77158	92194	77534	55975	26748	85787	63106	98035	99323	24413	12162	60622	93121	5603	61969	17009	75881	97649	36569	94869	44961	50389	99852	52671	98073	64255	49506	98304
42285	44694	42788	38280	29982	46937	52637	92488	28278	76169	27178	76660	68189	67074	5008	34763	68495	93594	35399	42656	39103	45513	45270	59105	72099	76022	59096	54045	74532	89770	32727	88646	12413	50271	48604	77380	23820	1002	96040	21609	13586	98403	81710	89450	48020	36635	92504	74945	32663	80442	74760	33012	16207	36369	26425	94439	25640	81167	85141	31909	61788	10176	83996	14608	38590	6468	61925	22643	89639	98710	2033	69405	2671	52105	73606	46940	19042	87925	14848	32966	26156	45771	79680	21028	81740	5020	79450	63882	69357	64063	16143	94374	71049	20159	43498	93819	55861	10406	30850	6464
50044	14142	77825	55943	2190	57164	37885	7880	34795	17898	12321	86614	42818	14921	70146	8215	84856	69178	18416	67117	43390	86942	71187	41328	46218	84142	61311	94156	64815	86453	72338	86608	97618	60970	96079	60608	7584	15497	87822	13291	82869	94923	58774	13251	98623	7260	84945	18662	50769	10473	63713	64210	30469	22896	54268	79257	3517	1663	76074	28348	4811	97995	34091	90987	59335	46002	9855	53660	9767	91121	60124	14923	13651	9818	96967	49259	45858	59812	5851	64231	80484	36996	32681	54897	22573	11893	58702	66623	96975	38272	10346	78359	87667	16270	50272	34732	92181	23106	88742	52816
69854	88668	9546	69870	51218	7733	19790	6438	92617	46930	9923	94796	72170	85341	57520	11332	71615	56392	42115	74298	93113	21227	67873	19605	87260	16448	49827	31927	52903	60617	29668	49217	15276	74182	50594	65271	33420	42808	36998	13220	6740	11313	75351	91692	21068	67644	16483	39459	3652	54535	8582	27760	37504	35219	33694	23916	50186	37701	44546	6027	6533	28279	38685	93050	88848	18763	29853	29203	66176	96452	20389	55108	63236	39305	13096	68353	88888	3471	16571	8479	13981	31148	17509	78271	15002	88372	91528	78900	17138	67506	50963	47849	42482	15596	89433	30870	13405	92197	3999	91696
64411	57156	87444	14660	40856	45532	61432	10806	55613	33564	87116	32010	67970	26862	31446	25310	22542	20871	12257	4192	44818	40223	33953	18050	90760	97862	18169	75630	20832	3092	11097	97702	8226	1727	94133	59237	47383	61333	28675	26506	51134	65501	85488	64332	52622	8495	39905	2147	61807	67560	70994	46750	29645	52652	78041	78218	14437	84349	24944	4095	59641	73768	61811	27005	53781	38567	95911	54195	56044	31617	31486	73242	50811	27779	17879	20325	89712	97935	13537	51062	39117	35975	98353	74357	70904	21298	78556	99666	58904	21532	76546	66396	95450	44387	29614	56693	45366	92385	75154	43376
33629	99724	60998	58972	47199	44511	44612	67412	75704	39956	157	34488	78080	88590	11098	35380	78699	2930	96623	52736	88722	94475	16597	70494	51721	51476	31057	62652	29450	54162	37038	34242	66881	10759	43773	87893	52273	2156	37032	19292	6398	43207	64921	16038	64494	76151	28247	70519	30044	98647	10294	34378	24427	56910	24588	76362	61230	97691	34046	94497	90597	45985	47297	58121	21826	52396	84674	87538	84542	67988	21445	87446	84257	75629	32893	12121	58080	86272	78245	87055	15406	28123	76227	63715	30406	43914	5182	57478	7517	78795	96299	30197	43607	13218	25569	25026	87059	51643	97313	16969
58259	52069	84051	63153	80391	10320	45882	77029	24532	56988	10863	81909	84296	1700	14531	76268	80425	92408	70276	3694	79614	29299	31489	3834	13240	28566	27718	70062	13845	42552	67178	35134	48414	86460	66712	39168	32333	86780	52234	37769	3336	1362	9942	32539	65245	32489	80249	93574	66738	36156	1552	89379	71870	29834	79748	57706	25264	12313	90701	44765	68022	75392	68523	85587	41766	60644	99390	69668	87181	55131	28226	82289	79874	30321	86295	48895	72477	36099	33364	39250	1403	74935	93820	18187	43619	8751	34822	1129	22250	70367	643	43315	40286	86698	92610	69459	46525	11978	10211	34305
16669	75591	6996	29484	87104	34337	18240	72742	41893	63715	6829	58451	53519	15470	19623	64153	7450	17073	70921	11027	14271	67760	67913	4526	5213	85465	70498	38289	24060	79949	94676	28011	12945	62482	93114	59072	18308	95168	42402	26095	90649	25315	31862	54879	2783	77678	90055	52657	24016	63702	90823	84854	63733	10471	44732	67616	8342	307	78520	78756	35373	99505	13761	39073	99819	45341	73669	47193	38307	29229	821	91784	16260	77878	59927	34133	29619	58546	79394	90579	79075	87800	39495	85191	51801	1120	52082	88569	83641	66199	69646	55296	89895	34033	73271	5587	50482	28913	8905	65113
54156	107	87504	82317	40518	80773	82447	18440	9715	16299	30212	12727	53169	30109	42333	40967	33635	37518	67377	37207	5451	54807	75178	27817	94569	79453	30755	50945	34815	76051	3237	5761	85686	99314	78748	83576	2644	88000	85470	62459	82096	62750	26241	23244	68127	62401	11261	22527	64872	60126	24869	89814	63213	5809	28947	43698	4047	65220	5260	85203	75213	3121	84759	8375	52323	84280	49573	62225	2442	66845	51013	59663	2596	63944	52561	81133	88495	85597	69709	49296	21756	52091	97677	56969	35477	32541	75952	65822	53968	13478	38855	60907	96640	92551	19698	88125	35836	3248	86618	93135
57096	7985	62975	27887	17094	42396	72570	44478	51504	36110	34030	11238	21462	29295	43642	83354	69324	15431	33335	17559	23169	59394	25881	95881	17449	4022	30298	20895	96750	13153	58816	34733	22035	95853	17583	42327	96663	79547	16197	44382	70760	34299	50166	79841	47716	44975	27008	90512	9560	96854	69925	21964	57752	85167	53581	71684	55132	97908	14012	81819	71970	34860	95071	20242	24386	96313	78203	55861	22872	79295	46302	57384	89308	5968	98949	73912	79319	65617	27327	89204	70353	75769	57840	54123	74009	36215	43812	53405	72952	24973	69235	20543	16273	34182	75360	63863	55439	41946	82873	24631
72561	98415	56757	99710	61243	49147	31191	82942	16477	84051	19620	34992	1794	101	83879	48595	81864	20603	35635	32671	44967	16986	84189	75273	97719	33314	94790	27935	49853	96625	62050	2532	79098	76702	55079	77102	30511	291	4844	28129	30560	37005	98554	11504	20376	56416	2323	27632	83855	25480	41001	10035	16065	90991	48222	61492	38278	45949	28544	36126	87634	24172	91317	21134	15379	41553	6046	12379	72147	17251	41036	38232	78303	87636	40040	47644	42816	55874	75227	86954	12516	13347	38089	29218	40373	33953	10053	46240	25950	90244	68001	23526	11562	41043	37744	77756	9083	27280	50690	49281
30011	84442	19655	18596	5129	98991	70273	97345	45603	39448	60211	51711	33244	18446	44116	2965	24598	17799	56934	41842	54261	42453	87131	4626	12620	13870	39041	87939	89148	16901	30534	50982	49012	99087	30019	94466	88896	74578	21573	38007	50593	84087	82416	55969	37428	98728	33067	99728	83567	39405	39041	22053	96356	26388	25693	80126	8954	43808	23689	31582	62352	6031	22724	10589	60949	91315	70872	44409	39022	13478	17362	81600	48201	73662	89742	8576	23084	16233	85676	67473	36275	32605	11597	40914	49563	35284	49505	93681	79764	37221	37378	45331	75386	28432	20980	76216	79925	49096	47154	78874
67340	94547	49177	32773	25743	7123	91412	24375	43366	32182	44474	23628	68491	97872	75509	71956	857	60642	89901	53234	54208	25060	32014	37086	39042	36365	35393	42230	89964	73122	31558	95903	92557	42071	54133	22006	79461	48585	57536	81260	58125	60630	2904	54100	12754	98256	95079	70505	69509	14423	90035	56399	57274	45696	23377	60851	45213	97807	37883	16672	66106	51469	19477	34969	3948	12943	47918	22781	42119	90215	23321	41159	87372	94179	62065	56905	5610	20566	58956	80806	3946	39124	58774	92169	84537	51861	50034	23833	72464	19024	48733	43882	69235	95744	59723	69100	73958	61687	31857	11285
69162	48093	51561	76168	12435	52179	17569	42807	42838	68483	61672	6800	63153	79687	58014	9043	74530	81493	26412	27482	52951	63982	90912	89051	11449	64456	45532	16621	12283	76797	7308	60780	33388	49833	28684	73362	42799	34384	2141	99325	46547	17199	99331	59659	7954	16133	30693	36625	34080	22863	74636	36000	68875	17698	3326	42401	38428	62934	42719	16744	3929	37461	5736	99493	50536	69626	34198	88666	80675	99827	26270	14927	79062	87712	79137	2273	7931	98543	87561	34987	82955	21139	98810	49022	62938	82853	63453	38074	38758	39948	94616	20815	10742	19411	69329	81793	31779	56280	27192	88393
92294	77267	13468	77997	41714	57195	68961	78266	51517	34686	12781	7800	51166	61314	99375	81747	22486	69026	31379	718	9580	9143	45585	79885	36349	35878	10578	60411	35457	32044	43976	75279	42153	18941	46050	73231	10862	72469	47525	69252	24304	50981	65196	21462	16024	67484	46930	5111	40603	80989	12020	27443	40421	19163	39894	29773	99561	90256	8525	873	46894	15959	13659	85921	64611	1828	99113	82662	21053	73547	4177	19257	96520	50569	52008	29918	56242	61745	22935	34503	55541	27435	86409	78465	26026	4768	64034	58835	69885	59934	38355	76142	36096	37253	55281	40750	99801	84606	33923	90670
44414	10595	37091	64303	88693	62300	1999	52870	16313	6735	37000	88595	24406	25819	49095	5257	5037	21084	65372	89402	1236	3658	76945	82864	45048	11212	88488	51850	74128	1244	59125	82259	66598	6242	20668	42645	76670	52361	16752	14023	22312	62894	74931	14255	51155	87608	41786	38177	63333	19986	51597	24231	55318	5052	35878	32850	57584	14516	40583	70299	9091	4899	93497	85982	21312	73963	37547	77907	32641	3628	91260	1711	47737	33503	45308	12546	10923	14723	42298	43435	67052	55444	25636	4570	92394	40099	23390	39292	88759	53822	21803	91802	37220	55454	5853	85752	74372	40200	37064	93497
16744	47047	32994	62616	60329	49835	3861	8100	81549	51597	63838	99558	20882	69367	60629	12092	20162	86923	47794	62815	71545	26743	52164	50335	355	10976	46830	4486	59359	6647	53799	73495	38260	25547	16845	14904	92877	31827	82190	53109	4402	86437	88879	28346	2511	33942	77400	35438	20403	72788	85860	26723	86376	59790	34447	1638	75697	41597	26795	28653	72028	63002	35434	36082	36435	72486	40625	78677	88667	47780	25578	9409	9826	66840	44428	96692	79801	48175	27427	77409	72787	274	24594	98308	80060	23523	19667	29386	63783	38426	66000	93508	44467	83418	57821	77154	42875	22705	36637	76283
70522	77335	71795	39751	19722	75631	98978	79216	86181	9902	33809	72712	71108	34924	12078	57307	967	57621	4904	46101	36793	78743	46064	73701	24397	29103	62391	31091	74562	41307	70760	11442	40435	78454	17208	53790	52030	32610	32608	75755	35391	29283	20925	90388	98400	47922	99689	45810	5490	50001	85299	17184	84612	68392	51151	80881	4622	502	69476	94390	50458	12233	11700	33654	71095	79693	11131	37483	13657	70641	70782	84582	83095	58231	89357	97574	4401	58409	66572	77466	63705	65090	37513	21507	50438	19335	2958	36409	79259	39201	54084	5729	52738	25081	83878	34312	59065	30383	14048	16888
4637	97875	56946	2342	72743	97810	70431	19703	53733	53075	17201	79073	39005	32322	16429	37135	98209	13694	93729	44899	34475	30467	83244	61237	87354	80522	96277	72004	33366	59396	95439	35522	75144	96352	86856	46946	51404	80726	43128	46616	92532	38691	3793	68189	66775	98599	17339	59028	66087	20603	46741	80255	64625	19349	77114	58624	44989	84545	35742	46482	36903	7301	79513	73845	90426	56076	1704	72408	47647	62119	73088	35340	37018	58008	82234	64009	13225	42885	61832	33710	97406	84876	57778	51530	26121	85244	92925	70972	54077	51503	71328	99050	44181	41258	64544	24436	59766	43929	64610	49304
37515	51546	19576	19096	70018	21606	27683	71479	81545	84911	53996	38853	26245	53907	57711	33345	31387	45884	86828	42712	47651	17481	67667	47971	950	39755	81359	29718	2541	34524	1263	92044	48641	98838	6596	75841	10746	87433	88367	81688	87248	37254	90207	48194	41243	53182	30265	49139	46069	22798	1127	32687	55042	25887	2604	59156	94366	4715	52843	89395	71587	29381	65481	88324	21480	17467	4916	89360	22211	345	92787	74469	83548	77022	20774	9090	52866	41604	81201	81889	53220	2080	20591	70161	80296	86253	71543	71804	98307	18078	16865	42847	70903	25664	47763	99149	20707	58500	40173	798
5006	77996	31424	47692	69780	79204	33903	1109	78287	52544	52921	35334	68313	77067	24569	81796	41450	3722	2387	73446	6317	94712	21384	83790	33456	43599	19907	55418	86490	88888	29144	10119	82386	46903	26466	14660	16610	17778	15099	59418	99086	53210	58112	57257	15457	45538	80201	38432	92966	40482	31839	1008	50295	72124	69388	87217	75509	61591	68247	23815	99348	15273	85689	36310	82213	61136	43120	55812	89598	85845	49423	81402	37639	56057	97523	14541	59278	10904	5501	65933	47025	54691	11519	55478	61692	13221	90646	89002	1050	69617	13421	84919	8102	84506	20904	67628	12865	76945	20560	40016
79157	62560	917	16121	78437	85711	52657	94092	95724	44848	52948	97169	83591	42829	29705	760	82690	72663	56167	42376	90159	40337	61124	53903	22923	80177	71886	24831	36532	91047	66034	92796	94156	8720	96991	53499	44120	33857	8705	25831	61451	56871	37981	50151	77902	4262	68779	14076	69344	91146	3335	29871	37948	11337	5101	66043	57918	52837	85805	18481	8322	57228	83922	69559	98333	98128	9675	56918	50158	68643	33645	30216	7611	82952	84995	75776	18570	13732	6568	89718	21996	76031	81795	81492	24844	64819	77824	26675	44818	65286	71538	93678	34786	85813	52237	40123	93427	61441	50415	50882
14921	2860	46223	7646	30758	41445	20926	64544	27683	37979	54979	54659	78256	91992	51335	11093	16188	75313	3051	17413	17745	19862	67945	85806	77678	19950	1489	19647	39693	25919	45540	53973	34128	33403	89969	28830	88337	33971	51121	45739	5045	50729	83487	32928	76650	79478	17947	63973	46585	38067	56404	83855	64666	63869	9274	48805	11725	34637	58909	93809	44239	78183	61860	39227	50229	4669	80074	40044	43085	24126	52970	52806	71605	4816	15741	59988	23292	9535	99660	57586	62053	83075	73332	99557	54324	46471	54372	36951	72309	4453	3449	18071	71213	30525	74382	35253	19086	92177	1488	24651
93739	20698	89802	87317	66418	13480	40663	4645	51925	45585	47969	21246	35538	50798	71690	72746	83599	83243	91578	5842	94081	78395	29231	2296	46714	68672	96580	48609	46278	91789	89158	86818	67354	30364	86187	67238	83814	54548	54825	98437	99223	17491	45050	59186	89745	2771	72136	66646	71709	42778	13521	27597	84667	93427	56059	17886	24795	60938	35448	77694	24734	63557	87172	80661	18780	67685	65959	98907	18565	2169	39316	6241	50990	70664	51691	45439	93221	53574	35601	43950	39969	49906	77697	50346	89670	10414	86807	61168	8943	66631	462	59243	24499	11804	22855	27502	10455	91507	16322	1548
37827	64123	57294	90439	39277	84055	25436	79233	88227	76180	55003	77095	61915	19789	53095	46907	68263	88407	97568	96226	76988	75008	63250	18768	35296	57199	35214	47176	23036	91591	6140	52222	14324	21104	3437	60811	7941	57922	6545	87023	10506	63918	73938	14364	3396	20552	33652	90618	19103	25652	97416	13540	39172	68809	74353	28876	98207	37385	10364	66873	34204	65908	29898	30903	63421	17738	7481	314	17753	9997	24637	52515	18202	56431	96350	8178	21286	23558	84047	89577	19758	6736	37535	84248	82377	96406	96913	56517	22123	93949	66202	11138	69618	3386	86243	24206	20086	63253	3896	14108
86115	86697	54748	16464	77798	39008	9737	31270	77333	2941	59386	3942	58964	47595	71346	41649	66527	71737	51939	67936	38925	31016	83954	91437	27826	29062	55644	34380	22030	65791	94722	28254	25932	50403	58594	87647	17713	67220	21768	34577	53770	28524	4415	98248	52999	4868	87621	44490	26890	36016	77388	57073	15158	11488	51798	47431	22990	99932	62996	49611	51015	34017	88550	98020	68460	72483	43910	85231	22056	85468	25929	21469	13296	32579	50998	53189	93629	55942	64453	56885	10787	71752	34427	84651	13298	2438	60771	12856	10215	99240	28869	98617	68882	1673	18780	12520	52661	4977	66176	58816
52859	51041	95058	44194	79163	67007	90654	97714	76670	87629	26972	28913	55802	5217	47528	38628	88948	8694	76514	4672	49315	90463	64802	63064	29321	64734	50280	75383	22983	57996	58358	98881	40187	53817	62083	25103	60432	60514	45767	58281	86770	257	5720	34715	71527	57944	41655	86357	54	30659	22011	45590	13183	58492	87726	15983	1215	29640	39250	16945	4493	26104	21652	13523	24143	6305	49236	31763	84116	93042	54874	25254	64893	76144	34574	65455	36178	94476	53662	42417	45291	30603	86980	30139	14499	4320	79902	26524	72508	79111	88554	15511	7150	80306	49155	25222	64396	40413	98991	70797
92912	94381	57531	63215	35156	26395	14101	27604	35876	61887	45153	4222	85506	51465	14907	14726	53583	35610	15456	13977	31389	32612	55709	95245	90909	20984	65326	53673	81842	10002	30204	90527	22784	1173	73347	72259	29139	29408	94996	86306	95846	13171	69214	73553	78511	26174	77250	76020	98709	78380	17095	43007	50629	61207	89439	83963	49882	45354	43682	88759	45286	73131	67897	14567	90178	47911	37064	77929	95747	56454	39560	21290	41043	84421	17123	97559	65977	99610	59270	66757	74267	9382	30262	44612	76189	49553	21161	97211	9233	38295	98590	24523	28741	39886	31555	49478	49406	1320	18402	30143
33269	73039	78546	58177	36145	86708	95380	95206	38574	20937	33259	1329	21342	27572	638	80240	49751	24887	1589	94071	62634	85899	49969	80484	19339	51142	28764	3120	56608	19025	98907	29682	10916	68938	1716	21291	54305	56436	31291	33282	89308	32619	93252	61212	42080	50258	15458	60332	76129	14203	74397	46121	9359	15910	27016	45136	86784	17178	31649	82958	25255	36807	88117	91018	58640	74070	37161	37019	54644	58220	85622	98426	83757	84381	6567	89331	85788	33360	73824	67848	71313	3210	33031	42988	8149	58540	39031	30053	29242	71245	22196	2850	72289	80362	91869	86072	8843	32197	44916	27109
72061	24430	96845	96577	90832	29343	92962	39824	48654	70181	2655	46427	70112	27317	74841	786	22541	86209	22177	91051	28191	22308	13119	14474	40157	85102	33885	73348	41744	27365	38093	22468	96039	92046	1839	17426	99238	54970	91012	89604	29770	7503	45898	33647	12760	1347	21544	42070	12430	61952	89646	3780	44782	38343	11351	63158	63605	96648	64749	89112	87757	21226	57758	51715	54808	31065	29810	12688	76019	95360	86532	37447	34373	68547	93043	16020	36124	45562	76255	88236	58067	95908	71972	9209	21550	70323	41420	97130	67628	83678	51354	93625	1654	29974	73373	47285	11163	50598	22046	42634
16187	64212	66454	37103	68871	82187	89407	82815	90584	78351	78597	18598	54371	72468	40110	65938	88201	83744	54223	49343	88299	96245	55212	42289	87227	87792	46698	49098	95670	97893	91824	19661	52506	97656	46941	85931	84179	35675	10021	2526	86883	91003	94178	80939	82961	33716	76931	33883	97612	52955	94972	57843	50610	28868	80427	75435	10277	72012	35450	78992	19359	43634	49598	7200	52628	54098	43854	56157	37983	71922	36879	94869	99439	51200	41980	12121	19904	76535	22108	56324	82481	55041	29640	95997	82799	39748	86195	41426	20961	16052	17328	68299	65992	97126	50588	59027	83313	41350	16216	42962
75541	7787	35804	36569	24222	85368	34477	18905	71009	31139	88504	56768	75109	40170	93970	92176	41698	54341	27408	80160	60919	36984	35100	99172	37439	3935	21827	95762	14638	2489	38340	48560	18953	22565	72800	35270	95453	97263	21015	89997	17651	48450	7997	26504	46738	64864	96423	69525	759	88746	27273	97728	81568	8336	66118	90815	893	32603	10079	37595	10266	83761	95141	93300	56972	5670	49241	25984	39635	20546	3131	87163	78559	70373	58718	42932	29264	82413	50392	35246	87009	40011	94173	50190	80485	38072	94933	66105	81076	52649	45767	57270	24610	27323	26244	24244	15407	79239	62486	1149
22182	21586	98021	63348	91401	34832	67317	1615	45310	89871	7897	67192	60061	47241	13213	39542	34715	12031	75452	22127	84075	86343	15979	29390	24487	25730	35175	72911	54842	19696	76681	86330	34270	39688	4193	81136	17466	11814	25011	2004	73803	21109	21043	17471	6140	84129	14209	94445	70241	26021	6103	83734	95815	43036	30157	40821	76125	79926	51220	70646	47589	57273	75082	12419	41979	15105	94633	18668	26339	637	96264	46045	1922	11547	16122	84117	54490	13410	88035	67366	69434	78704	54264	61578	54740	33974	30996	62037	63213	97324	36073	87640	48730	97808	93851	41115	25096	20478	7766	84160
56624	1032	14842	36339	35293	41670	74358	50710	28717	24221	32100	41078	90082	7144	91307	19389	19567	85748	63303	17298	124	44339	13194	2409	94791	84829	99014	20553	32040	76775	8904	33535	86397	23175	92264	97712	18371	69139	26036	28692	65436	42870	96616	87835	9216	39525	10064	22126	48443	2919	11604	95059	5064	65616	87606	99370	58857	49645	9646	14203	96291	35586	14023	97203	78431	69953	89522	93451	25155	17829	70059	44904	24794	67597	53025	24699	28910	35801	98730	71594	25533	68619	51585	80077	88517	78896	90847	12781	64393	54561	37742	69104	87762	39634	1244	48384	67324	76959	18935	72307
99208	77367	88404	39576	16837	58005	41274	1185	97211	68045	23731	8894	31778	16343	18461	75235	50694	54144	47134	23585	83438	40062	40018	91875	11143	34900	58505	40208	6220	34310	68243	53632	71009	20691	90112	3774	27408	24686	23443	73791	97507	2675	58784	95111	88513	79581	58153	24557	53187	91510	49057	11747	16267	72366	98381	85658	31901	25280	89425	22831	63508	96419	89987	78032	51798	41725	72277	96181	37834	35834	713	27876	86217	51125	78907	94405	75856	91295	25135	98387	865	36416	91467	57812	56917	7875	87101	32594	13581	80984	66106	35607	62005	15480	22682	70772	38929	26718	25261	35287
25402	83677	83659	98791	90125	29711	35159	66617	88728	63314	83254	61518	16431	21124	96814	6462	47444	57	75799	85079	45109	11137	81996	74751	5575	97073	92224	10647	18508	9139	41602	86992	65158	74694	37935	1254	49199	3811	74632	35107	27637	24415	53892	69013	985	7109	38161	48340	86344	41585	45177	95940	94516	89681	12195	47866	64609	89830	32505	57268	20612	87174	18797	10567	27737	21196	27156	5672	58418	19967	10688	41868	22394	89580	75575	21596	48226	93943	71157	56394	45399	63283	7571	12715	24963	64719	10434	8705	37776	85975	9564	54475	2701	22798	41587	91750	62928	91208	15179	99621
75134	76618	9316	29853	64628	12583	2365	31348	76299	2536	58069	88143	69042	73392	13463	27835	28106	7806	2559	87628	2593	6761	97697	32565	83401	29180	52653	59063	79452	42725	16079	80571	93827	61264	90749	83698	33757	25244	43423	62417	69595	43592	89775	53413	45238	55328	47144	18882	60354	38202	6774	80003	99026	32893	30132	17809	7707	79205	91198	96600	20979	50952	54078	84525	86011	62016	73456	27877	25195	50934	24800	82761	21707	19240	58921	11899	78256	1277	31147	29741	46926	39397	63489	60672	7124	36664	26504	79240	26178	69767	60733	59578	4368	69795	39653	45531	8691	86299	51852	5320
95638	91505	9201	23081	32427	91003	77300	21597	11046	75847	87935	33222	52339	33503	26280	93149	11119	41509	49127	49795	87245	94877	44350	76138	59495	87889	9954	8454	42549	15868	72941	53775	10863	14380	62360	14506	60711	56309	82530	53817	99829	36223	8949	69345	43491	9186	25187	90053	44457	21274	8250	13227	99491	16561	52878	52478	82840	2178	41247	621	67170	37749	65327	38159	26675	45557	32612	82884	51517	19210	74179	12356	92296	46110	70816	90997	88537	71356	31252	93888	56116	20734	67372	9882	74683	13618	26858	78707	82388	36861	28541	14244	14494	22951	54255	42805	64944	25081	3604	76489
23173	79754	45150	85367	88576	59294	33708	91150	17640	33543	79293	50303	46480	31345	67201	9932	84108	60284	36943	99089	4134	16662	52674	57797	5344	47849	28765	10463	13498	68404	6798	34034	7147	48352	99056	94760	93502	33401	72555	54042	32589	90471	79386	5332	22930	21162	22755	60546	35742	47393	12514	24686	61594	87520	70221	71765	78924	3104	6352	42053	93779	85126	9930	29739	72753	13451	10824	88528	77927	67595	11065	51682	24174	46466	71993	34144	3180	90415	79270	8339	79514	78838	81985	63805	36839	65109	95470	80584	24693	62643	28608	49886	87105	11801	31233	96006	59910	77368	10586	50121
17604	66154	28725	4323	89562	1333	35852	35379	58742	54749	28547	38974	20761	20257	31036	91443	59765	86916	98125	28611	82634	78291	91883	51294	31520	49210	73408	30739	76569	76760	76949	82034	36368	82903	15526	19313	690	11202	91049	28682	72260	90983	23170	77950	63756	14402	97747	22655	49887	51491	60868	71347	41397	88795	17909	76152	95516	65180	66209	46786	9614	72546	68751	63877	66920	94196	56644	5203	39982	69594	78659	66821	32384	54535	85946	51991	9476	9039	86834	54317	1539	42880	74705	49778	7276	95484	94454	58153	16136	38384	34337	84032	45690	52590	57273	91406	54805	95878	68028	9491
21035	2332	24826	42450	29113	55554	97859	76356	70418	92760	57153	11751	51527	12454	33554	93155	56631	93968	70149	56095	41492	62888	73827	84104	31813	27324	93909	42023	36345	57770	81586	31613	33052	39562	11165	63092	82542	29095	80192	78568	95134	37694	57267	50177	20855	13414	64479	26106	79897	34244	67067	36427	43743	23457	10660	78487	94643	85726	99496	18590	30782	15250	18136	42005	89245	13809	38091	61700	83330	28806	16828	84108	29362	89444	84581	10139	61364	78215	18971	81770	17904	25081	37710	26204	65606	11701	18709	17132	83626	65193	21416	54982	25471	80072	56453	75024	7977	89179	12271	56549
6473	64564	51147	64509	81078	33371	29415	51939	40198	96172	72034	44621	10906	40417	60480	76490	95470	88239	70234	76611	95877	49800	20924	93161	93623	83316	55187	26266	29389	64281	55418	60288	57778	80753	54317	17426	50009	58156	62127	577	36855	90302	70992	56996	45967	92158	2126	73154	52420	38840	50500	67326	17300	91811	76919	497	14852	2225	4806	13180	21281	41282	96660	33540	48233	82187	31299	74797	61771	40956	41146	58412	18322	12882	89435	36646	62232	92004	72060	40668	42265	30366	86995	88481	24828	21616	92868	8194	93090	80361	32970	44433	2804	48627	48484	75503	23190	50857	8511	45218
7468	72238	50897	31261	42932	34953	28916	48315	28252	3347	73515	50482	76491	74667	80432	4324	79906	77018	30468	900	95237	81611	56167	95114	59608	43429	88905	48703	41633	17292	96674	52825	43820	87430	18893	53002	75210	31564	65214	23591	60302	57292	21740	29085	77351	3750	15243	4911	77337	37680	65662	23860	47522	74119	9053	58545	15565	91010	72961	71453	61834	10093	9750	43227	48468	80554	81557	46290	6026	74900	54811	88381	945	35068	71655	83731	26302	15367	72878	32175	97289	15271	41226	84827	91229	9697	25539	54466	1943	16138	67103	62693	44968	11220	62118	8288	29136	76352	10510	71825
31491	98809	15109	986	44515	37664	25522	58432	9094	7486	10843	78687	86973	81251	83886	81668	59790	94506	38038	39357	64649	49308	1554	96150	55658	69736	65702	63360	22418	29920	16143	80457	80015	10114	33045	32547	81635	43459	6784	46727	64815	58264	126	89451	15648	419	22849	87511	49632	38136	17277	67989	87896	47543	18316	51064	14002	820	32457	62306	58273	91468	11424	1107	16981	13331	98442	36212	87068	48282	188	12036	59212	40263	60609	33579	81685	75167	73149	13608	11726	84476	72494	90780	65181	2771	15985	80002	18489	39040	66	30485	92685	56444	4411	764	76584	39929	50978	19651
4874	71286	89856	27885	22484	80260	88021	92317	16703	41871	83429	70215	25508	60235	93374	33631	95967	88849	46092	76701	7220	52422	70982	59343	21175	12169	95486	86617	84473	85500	57933	61623	75195	96046	24146	12108	79493	56613	1715	48078	98239	26770	75573	31767	8783	37137	41414	72941	34941	77630	10910	57219	44803	42424	12606	93292	26029	21466	47798	80409	89350	71352	57007	70450	65883	23885	32801	74914	6559	51974	11309	98888	88764	31063	49845	94777	62787	43164	70532	38068	14876	36830	21826	23121	12836	80649	49450	52518	38176	98444	16791	99221	72604	52939	88064	7581	30317	83975	38778	18701
60911	32157	34785	55548	39192	40673	74863	62600	86471	28247	45458	47577	54884	62610	22910	89876	17815	76830	21700	19756	77493	52067	39837	32793	17558	18766	78866	95396	60637	79981	94759	50368	42478	61980	48393	1359	8333	51159	57727	44630	76212	13825	4735	83960	54201	84792	34093	92181	46286	99410	68699	94582	65603	21724	8910	72697	16874	17553	67706	32566	64309	33263	24850	58576	19523	14316	9577	40931	1890	72738	54108	91777	79240	98632	22076	77226	93428	79515	88320	90637	21564	31259	41790	50670	94175	45015	89054	10157	72160	20969	89658	70836	49380	91013	61644	38003	18264	1278	46661	17496
60797	74235	80490	18241	21257	51412	23450	9349	9091	27488	26419	10376	17283	45545	27338	99190	91030	43800	28473	22020	29379	19957	71645	81796	64737	2414	17704	32380	29887	96774	7412	43125	95092	42756	60852	58034	95014	64681	55939	72851	8140	14924	62521	99119	5454	79605	33573	16052	72696	32554	85846	59331	24415	64934	49744	33846	49801	952	93075	65538	97606	80442	90559	68947	59962	80525	38394	67299	687	89037	78463	8930	58651	44545	75041	29429	89205	87833	47945	92318	81145	28540	90832	37508	44138	53896	97537	38157	23620	48770	35242	81728	37362	76911	57617	17500	69240	44051	4487	63508
63758	58557	28429	92140	25362	72084	58699	78606	37266	10229	34068	24877	78777	66785	67145	51419	18086	55145	35945	90395	34507	6151	66764	19474	97778	89112	1040	42790	17846	63418	45813	96177	8453	77043	64889	24926	58807	77314	16433	44033	36647	96292	72171	4255	78768	90573	37384	90491	58224	67588	53672	58373	37958	87622	26129	79448	31183	89815	98896	3564	76448	77951	66105	32157	48532	36770	32221	39304	27153	58801	92925	46601	55216	90171	30449	93200	32772	7682	43887	11149	79316	95000	33015	1896	12614	9584	43904	63104	88660	76117	40351	31538	94090	16172	16147	71841	6851	31346	2285	31393
97596	87014	61237	13710	59299	46721	66942	99429	97945	37639	20288	69830	47792	34321	40548	81179	66422	54131	3635	38747	48311	19251	75541	1825	70206	9940	75195	95665	44699	37192	1863	36996	36737	51012	77470	59084	17515	88339	97105	26444	12742	830	39650	14157	89615	7658	51713	46079	25639	63785	36569	28579	99279	35209	55874	23423	67962	54864	20276	84563	48012	58205	99196	30822	36371	53151	83143	15682	28502	78280	14672	1758	63322	50890	2271	21559	49223	59023	54631	46006	83640	6621	60995	42712	40652	63599	24679	56032	54768	60734	28101	84070	48396	85885	66697	98030	54637	81872	46337	52097
53056	34475	10372	15875	26880	60377	7495	81590	94999	3485	89468	73576	61946	89996	38476	39631	66891	89584	38853	56339	31160	44847	31516	22470	57274	68015	84627	34288	99726	30261	49448	80475	14706	42713	50439	86016	4952	51608	12039	68160	83819	42187	48980	47937	8810	46093	16150	2417	8840	1879	43380	87772	18405	93487	96784	13089	71552	31723	31399	34186	14995	49011	42474	25307	1995	88665	92241	43622	50739	21155	53599	54196	69932	93108	99684	12924	59508	74910	87071	93022	40218	6248	90452	71011	64066	63461	51539	93137	44127	41858	14890	17702	44266	63295	37887	33714	8138	30844	93704	14422
58150	89563	11291	56070	29892	7350	25417	94262	5237	10643	67212	27357	36106	27597	37364	92966	34751	30484	2190	4361	66487	24788	41560	3424	14250	11519	89391	86982	92729	81919	93974	90808	57060	26879	10276	57290	15763	60131	92803	10199	24148	43565	31864	61607	52944	65231	4892	91511	48769	76679	5640	22890	49941	29807	78861	76710	27314	90181	96863	62822	45071	60054	84479	15890	33114	14452	49403	14317	83890	23965	43515	21348	78022	67648	19915	25183	58958	59477	65558	39081	59605	20707	93380	37686	99	51302	45573	7219	82462	84606	55161	38385	73674	16955	90209	32429	1665	76799	27649	90303
4804	33765	76049	6622	99030	6555	885	5901	33930	23920	94401	77614	12138	61873	3778	65530	6947	33363	22930	65118	62822	66956	42237	53953	12135	21107	48481	36292	54279	35043	8912	96744	3855	85826	73891	88623	29130	95064	33804	45	14665	76843	72662	82845	75621	93080	47241	58191	7644	34075	63812	20711	69739	64225	46286	27272	7994	57547	3208	16914	43687	61531	434	56782	63684	75533	36810	1530	40884	14096	5213	69752	14930	38415	62493	76766	77632	27325	74310	19489	78196	63736	52846	6691	67881	66865	62527	47295	37403	33153	51786	28123	24408	54444	54265	55734	80913	53338	67130	72220
2509	38430	9274	59031	12426	57222	71019	33367	33913	12224	69350	52013	57097	35974	12157	57146	18738	11648	9783	43762	76986	33366	24029	68201	53186	22978	53232	6513	15360	19772	56420	55910	50771	79612	50934	63348	83451	11146	78678	72223	96053	77816	85643	21666	71139	27325	34478	50847	93254	36986	52100	14039	38856	80004	64905	94335	19945	99334	28644	21900	33484	26833	15887	98581	70302	94430	73353	34399	33030	16868	82410	53957	6755	46185	10240	2192	91868	21442	80541	15852	50906	54203	3340	70351	72775	23135	29377	7852	76619	85840	84894	16876	35662	61844	57365	75492	94263	555	30963	81134
9375	53986	23385	29434	81660	39164	20625	6426	31400	33769	89374	27215	73721	61044	51238	71358	28040	68658	10120	14023	74788	69263	39172	96340	20766	79078	67866	85845	48530	33753	67642	11115	29820	60029	96712	92703	6610	4577	22254	78339	24584	93726	27529	77401	87470	61217	52882	44469	43757	37911	72229	58447	1966	80600	79208	81435	25980	21382	17204	52983	67385	19495	82809	98870	21646	92915	50217	6926	51217	29404	23167	84512	15422	79871	72603	85857	42679	23014	93126	84372	97875	50953	58211	94968	24256	5080	45656	72828	35469	86413	27198	65474	82860	4716	63152	56377	78742	88418	31296	55081
58107	54018	75272	96263	20581	89796	13351	59909	62870	37688	76608	10681	57137	10978	11884	37617	33783	27547	36779	54363	80025	71739	83966	54954	66139	42654	20497	27554	25754	58567	15890	25957	48370	18900	44035	29817	55132	7335	80897	71896	38352	34254	86137	91292	89371	71446	14560	85186	48242	89013	79347	53962	61027	84890	36421	72363	96539	58646	1300	24548	37207	35043	44502	33188	77506	48800	54248	11255	23675	79669	87471	85373	85764	307	29354	88185	6496	20710	44855	98875	38449	70837	56850	55864	82600	64638	47701	15236	84643	1357	62128	93872	21360	19721	38231	4967	83352	28318	43945	96604
45989	50138	61038	16381	82506	3961	26210	48156	94918	12830	78086	52475	72115	51066	10578	82589	51214	89677	50455	32382	10821	84823	37536	29518	16237	94587	10323	68026	49125	85653	97060	98771	50477	87121	28224	56615	12572	78877	35836	34810	42457	59451	81301	77121	78767	4252	17344	70336	48879	53141	55556	10105	50775	80112	87367	94769	16361	26367	55036	13941	49063	99601	50350	73990	25675	48403	4364	15587	6168	95293	87805	358	47724	31528	48113	67323	99317	74334	53712	17744	96605	17279	49117	4857	20071	58180	22789	67471	26621	40569	98224	221	35300	93537	79039	28457	43553	7279	67594	42228
14415	29092	39402	66544	21358	9208	18236	13575	5385	31644	67225	82419	75268	75291	11105	4332	21852	93858	10271	26442	96035	35458	63882	19289	91294	38353	84634	28211	23059	76915	6168	66455	8513	87271	76338	8860	47369	22936	93994	25802	62152	18297	2728	28785	21214	26125	95446	17513	85559	50941	64804	17831	87412	21161	69756	52547	78304	16211	14334	40988	92562	48072	86815	49994	72187	47222	40647	32452	80243	34170	16291	65235	65599	31969	83462	97527	14309	52416	19628	44982	76169	99538	50544	99266	30393	92976	16473	24185	84931	2615	45529	84890	53201	16477	56452	90446	140	13143	54782	25124
80679	79749	26806	90092	95016	76803	42949	60560	17249	7991	18594	66617	39113	56957	30841	56911	58723	76087	63471	16199	82	25587	1086	82513	70770	14522	9275	3645	57197	77934	69958	2776	87336	67527	76617	50779	92469	93869	8802	24852	10136	12017	67442	78279	33875	36538	41403	23299	93324	21607	82097	33742	35500	80932	38412	27857	65899	70397	42249	61819	45420	24443	67153	7085	12874	48220	81673	94848	31663	22012	74575	46473	14772	44185	55884	89735	33907	55458	68363	24728	88617	61273	11340	65612	15696	38840	87661	17585	77304	90215	99381	44079	3376	34995	70854	55580	22321	61352	8961	26490
46925	12839	25578	17023	5217	75683	40050	46614	63928	31732	21466	74629	52654	53167	11004	78775	4249	88906	24073	35123	29057	57167	35236	97489	54775	70475	8039	92730	12838	6631	24646	7088	23902	79455	12060	62829	28939	54283	22814	64560	47132	46998	94764	14304	38374	46282	73209	11654	77434	15182	94360	48686	85410	21479	25982	26830	28190	80456	76043	83576	64845	73938	52954	39162	3873	78737	33521	39716	47549	17690	32415	82487	27222	49538	83043	86512	23135	13223	56535	3381	35466	87925	18945	14867	79812	1308	88685	39005	36132	43756	94325	40196	32941	15871	25188	92950	4746	27598	31860	70880
86998	4357	38183	79012	52987	89705	91374	46378	13111	51377	24269	72353	65898	34841	31601	13563	16823	38578	15745	29953	3049	7455	29709	13357	57464	55196	7410	38320	34658	32148	84180	71691	26128	62918	99337	53367	95426	83954	12405	90054	93357	67359	43540	64410	19217	14369	21120	89808	47538	61276	50785	11811	20273	5938	74753	21991	3507	6612	72002	87049	15024	46174	39996	20956	35200	77549	32757	3742	9312	51597	92195	71820	7700	41973	29400	62061	64922	79348	82474	48576	76762	89927	8526	85496	71219	61022	97753	47268	94944	39564	69698	86698	9427	69405	81546	2078	38052	98541	68111	86622
64169	26249	28357	47108	52588	89667	8786	70853	2566	92547	6378	51691	19756	75037	75204	1836	69688	76156	81598	13462	58529	31946	80403	93542	81649	74970	63969	16766	9132	32481	30915	7178	4419	1928	84677	4983	45816	98923	77689	13925	25651	37412	63698	23187	37718	48998	37983	62893	25694	29434	75422	46225	62825	85162	6475	84409	38737	38622	7523	30873	74435	90179	37159	46706	2379	36634	7196	53410	47527	88772	58240	4272	84673	91005	54555	94959	53615	86943	58319	48950	87801	31838	36372	65922	77542	77382	65026	98984	12739	8603	38367	73169	47814	73174	62671	80165	11208	76764	30308	88005
26782	60056	12891	39216	76572	40443	22748	39623	88629	23281	85583	7167	4565	47311	71267	82759	82319	32870	39724	59242	47089	86986	83326	92456	93465	80857	92852	10373	12632	33540	26960	71873	6510	62129	65680	93194	79921	11799	12259	99051	41920	64189	24090	50160	21448	80865	72541	31798	2724	59398	20919	55904	27774	86033	3027	10308	7914	31029	4254	65123	49033	84425	58797	62415	8355	95240	63816	26352	19284	28722	76739	62287	57821	10679	24153	13390	29139	82604	57666	73144	3413	97354	6221	81437	48383	50338	2975	53614	98194	82651	88005	91019	44703	38914	70511	23660	63727	6777	49060	63689
47619	78811	12510	8601	1270	31635	1708	38876	20287	13321	9866	84946	45847	51052	68677	25183	68550	621	36638	95298	13505	73319	14075	58519	11200	19768	71820	68887	12357	35791	83931	4560	64274	86987	84194	5244	7471	17468	15094	20454	88652	39551	90463	23171	50435	53381	58630	65410	35724	53035	9275	15063	95830	53450	91205	29691	6416	74017	70102	24540	90469	83358	42134	91251	6900	6220	61617	38852	58189	86725	34915	77352	79000	8446	26381	20804	1529	19045	5475	56770	6156	67495	85105	54758	22952	24107	43732	76543	60890	77868	47185	6038	17772	74570	22285	55427	94763	47032	10556	9990
56816	99977	36714	33139	83380	42195	62054	2522	58437	38948	25986	6398	99428	19736	89644	62001	35832	25763	2887	16634	74492	6432	97767	30550	44948	65349	47472	91245	92686	11988	84427	91544	58993	33706	1756	44701	36927	89739	47318	19077	90537	87008	54851	46053	99499	32809	95946	63214	33439	59873	72645	7762	57826	97592	19376	16904	94486	60203	97174	45254	96847	71809	80183	79701	76637	36368	38299	68036	17906	47062	66749	73199	16423	12933	79437	18872	95170	19414	25664	92011	81590	68710	86260	22092	25505	63769	17967	27475	85435	75681	10093	35199	78948	2233	23636	72370	39477	32441	67484	15787
20833	59715	86425	68681	3367	50901	34217	2660	85563	82366	81555	91596	20322	56310	63582	85035	56365	99146	96935	31591	38962	34378	29428	21850	61166	52838	81799	73172	21737	66279	6448	80194	81916	99023	89437	32886	20190	31756	21941	14558	687	44188	32470	84643	55528	92973	57427	17322	77300	71538	31111	97305	31040	48859	17738	1819	98370	28269	80953	86699	17748	96859	27262	98720	13384	4841	11198	55446	84626	84389	15720	39898	56612	72318	62946	36215	87348	74176	6830	5653	37480	26351	91988	8004	81189	60290	1423	20333	65843	88420	36523	70882	90695	6694	81353	13529	54456	29089	81141	71628
10940	82164	41986	56355	79899	76593	98067	66043	18131	88216	68241	69895	25199	18602	51127	49728	7124	80243	89719	4098	67426	72041	47969	98840	101	19616	50128	61240	52517	28102	45297	98068	94631	17412	27268	70811	93733	86342	44522	37343	65236	85342	3676	11966	72934	32458	65440	5097	1396	49915	94899	82084	10470	11302	37979	98746	14517	85440	81993	64248	48884	2670	281	46475	9367	10135	80331	5480	67576	31024	51386	93651	69969	25679	47894	61961	73741	23921	98111	65256	97055	87986	37780	60775	94661	63838	2685	78729	6610	17121	41913	3399	72927	68878	53786	55839	7264	46722	33263	62203
66115	8	3165	26296	55017	93181	21986	68553	15817	26343	8841	52899	26873	79727	32657	99715	25445	98787	17438	74987	87187	96760	26392	3699	94210	98472	43469	52433	20594	55261	11371	20901	10855	14356	38555	54336	49420	1039	29565	84892	42946	70885	43217	81703	87148	71240	95399	2634	55637	6103	16532	75847	86508	79192	7878	58320	93373	84331	93869	9964	773	44758	8982	97675	18430	76491	51794	44485	97600	92248	82547	92404	90973	82656	49756	78854	18790	90932	5399	65907	17680	72237	3307	1407	60664	26863	95267	94176	19628	44716	93832	63972	18621	33953	47778	93054	13838	96145	62067	44663
85986	61304	37291	12920	43256	86720	14657	67717	6888	84386	18929	15645	4533	38592	25454	74131	40468	2200	98365	19810	2197	59229	40289	70767	89781	18055	90893	38812	54560	1697	33291	55181	1331	30116	7010	6035	95549	38199	27158	65573	34363	18285	77835	64946	97267	16849	76477	40521	28058	9073	2872	82292	71924	47984	23659	67143	1450	22029	72926	48737	89828	72454	84112	4525	44956	50086	24910	19308	157	94962	43860	43106	39014	34293	71997	9948	522	74495	68800	61441	34352	1301	61295	75691	52630	17454	16303	36575	13431	24832	78760	28242	39462	35833	66495	3859	63060	86974	95168	17221
93421	43422	73858	47078	68527	95393	89036	75106	34112	91653	30890	42231	54981	45073	75412	93303	73049	56097	25725	59380	40100	37672	34685	41503	36268	9668	27349	46653	14097	87775	53631	42646	40732	5945	8159	79395	79676	32410	33118	99081	65897	70619	82111	69288	56467	99989	27330	44072	42395	64939	51566	59068	35883	80396	11349	62015	49069	22158	87386	55071	12222	46315	8223	90666	75524	59727	35705	49393	89124	97586	24996	62651	85580	71849	25044	63733	20031	83422	42400	97935	39880	39130	22344	65433	39236	22022	38074	3140	33172	70801	56852	7995	64571	15227	27575	27111	68595	30933	94766	14319
88668	66771	74622	21009	44778	39668	75686	20175	9436	20397	78287	97425	80303	85031	48365	37963	17649	43855	96277	76034	48738	38640	14595	80140	72364	9317	49867	31928	2202	62787	22639	84824	2572	68050	40797	25684	10364	47760	54663	84753	67134	53624	31160	51493	99753	34154	32733	60380	39203	73869	41438	68517	93060	67738	81678	1060	66451	48631	93813	78578	43410	66330	24913	39398	25931	87621	66691	33606	537	48908	89727	12947	95905	21834	93484	21340	93177	73937	30264	72027	347	76300	84629	80715	56343	43844	14202	70558	55272	32984	61606	39227	3123	85992	96119	24936	24616	80031	15434	28804
4506	10347	56246	29731	25434	50914	33131	70317	37947	42646	59076	79210	78166	45424	686	49059	82534	33399	78521	49589	90213	52877	83113	11681	11282	37572	1174	74803	42925	5766	81492	16714	72779	32391	74808	95491	84191	84537	71038	12214	7254	29531	20050	28739	80626	16699	34418	51403	23600	84402	70574	41447	58874	37655	17206	88169	49467	59395	4678	69143	28324	92663	42925	66393	16095	42050	91744	2573	59362	47201	17174	96552	73853	78290	63919	68654	81839	4403	45310	98394	3901	11752	55554	85502	90851	64871	77420	65113	27505	34473	88511	54896	68827	82949	72480	79924	84976	37756	81463	96754